PR 1
x =

     1     2     3     4


y =

     2     1    -2     3


ans =

     2     2    -6    12


ans =

    0.5000    2.0000   -1.5000    1.3333


ans =

    1.0000    2.0000    0.1111   64.0000


ans =

     3     3     1     7


ans =

    -1     1     5     1
~~~~~~~~~~~~~~~~~~~~~~~~~~~~~~~~~~~~~~~~~~~~~~~~~

PR 2

~~~~~~~~~~~~~~~~~~~~~~~~~~~~~~~~~~~~~~~~~~~~~~~~~

PR 3

~~~~~~~~~~~~~~~~~~~~~~~~~~~~~~~~~~~~~~~~~~~~~~~~~

PR 3

~~~~~~~~~~~~~~~~~~~~~~~~~~~~~~~~~~~~~~~~~~~~~~~~~

PR 4
f = 

    @(x)((exp(x)).*sin(x))./((x.^2)+1)
~~~~~~~~~~~~~~~~~~~~~~~~~~~~~~~~~~~~~~~~~~~~~~~~~

PR 5
f(5.20100000) = 6.3076122538e-01 
f(-8323.60000000) = -5.2794696417e-01 
f(0.00030000) = 2.7000000000e-11 

~~~~~~~~~~~~~~~~~~~~~~~~~~~~~~~~~~~~~~~~~~~~~~~~~

PR6
x1 =

    6.0001


x2 =

    6.0002